INTRA4X4_LUMA =
 8,11,13,19,
11,16,22,31,
13,22,39,60,
19,31,60,110

INTRA4X4_CHROMAU =
 8,11,13,19,
11,16,22,31,
13,22,39,60,
19,31,60,110

INTRA4X4_CHROMAV =
 8,11,13,19,
11,16,22,31,
13,22,39,60,
19,31,60,110

INTER4X4_LUMA =
14,14,17,26,
14,21,30,44,
17,30,46,87,
26,44,87,162

INTER4X4_CHROMAU =
14,14,17,26,
14,21,30,44,
17,30,46,87,
26,44,87,162

INTER4X4_CHROMAV =
14,14,17,26,
14,21,30,44,
17,30,46,87,
26,44,87,162

INTRA8X8_LUMA =
 8,11,11,11,12,13,16,19,
11,11,11,11,12,14,17,20,
11,11,12,13,15,17,20,24,
11,11,13,16,19,22,26,31,
12,12,15,19,25,30,36,42,
13,14,17,22,30,39,49,60,
16,17,20,26,36,49,65,83,
19,20,24,31,42,60,83,110

INTER8X8_LUMA =
14,14,14,14,15,17,21,26,
14,14,14,14,15,18,23,27,
14,14,15,17,20,23,27,33,
14,14,17,21,26,30,36,44,
15,15,20,26,35,42,51,60,
17,18,23,30,42,46,58,87,
21,23,27,36,51,58,78,122,
26,27,33,44,60,87,122,162
