INTRA4X4_LUMA =
10,10,20,30,
10,10,34,33,
20,34,52,76,
30,33,76,112

INTRA4X4_CHROMAU =
8,8,24,72,
8,8,41,144,
24,41,96,200,
72,144,200,255

INTRA4X4_CHROMAV =
8,8,24,72,
8,8,41,144,
24,41,96,200,
72,144,200,255

INTER4X4_LUMA =
10,18,20,20,
18,18,34,44,
20,34,52,76,
20,44,76,112

INTER4X4_CHROMAU =
16,22,22,22,
22,22,22,56,
22,22,72,96,
22,56,96,128

INTER4X4_CHROMAV =
16,22,22,22,
22,22,22,56,
22,22,72,96,
22,56,96,128

INTRA8X8_LUMA =
12,12,14,20,24,26,30,32,
12,12,15,22,24,27,30,36,
14,15,20,26,27,31,34,40,
20,22,26,30,35,38,40,46,
24,24,27,35,42,48,50,52,
26,27,31,38,48,56,60,64,
30,30,34,40,50,60,72,80,
32,36,40,46,52,64,80,96

INTER8X8_LUMA =
12,16,16,18,20,22,25,28,
16,16,17,20,20,23,26,28,
16,17,20,22,24,26,29,31,
18,20,22,25,28,31,33,38,
20,20,24,28,33,37,43,49,
22,23,26,31,37,46,56,65,
25,26,29,33,42,56,70,88,
28,28,31,38,49,65,88,115 
