INTRA4X4_LUMA =
8,22,32,47,
22,48,55,57,
32,55,63,69,
47,57,69,84

INTRA4X4_CHROMAU =
16,20,34,64,
20,40,62,78,
34,62,98,138,
64,78,138,168

INTRA4X4_CHROMAV =
16,20,34,64,
20,40,62,78,
34,62,98,138,
64,78,138,168

INTER4X4_LUMA =
12,28,28,32,
28,32,35,38,
28,35,42,46,
32,38,46,55

INTER4X4_CHROMAU =
18,24,34,41,
24,40,48,56,
34,48,64,92,
41,56,92,110

INTER4X4_CHROMAV =
18,24,34,41,
24,40,48,56,
34,48,64,92,
41,56,92,110

INTRA8X8_LUMA =
8,11,10,16,24,28,29,32,
12,13,14,19,26,27,29,33,
14,13,16,24,28,29,32,35,
14,17,22,30,32,34,38,39,
18,22,28,32,37,42,45,47,
24,27,29,34,42,49,55,57,
29,29,32,38,45,55,63,69,
32,33,35,39,47,57,69,84

INTER8X8_LUMA =
13,14,16,18,20,21,22,24,
14,15,18,19,20,21,22,25,
16,18,20,21,22,23,25,27,
18,19,21,23,25,26,29,31,
20,20,22,25,28,31,35,38,
21,21,23,26,31,37,42,48,
22,22,25,29,35,42,51,61,
24,25,27,31,38,48,61,76
